0  7.86
0.01  7.87271
0.02  7.88444
0.03  7.89519
0.04  7.90495
0.05  7.91374
0.06  7.92154
0.07  7.92837
0.08  7.93421
0.09  7.93907
0.1  7.94295
0.11  7.94585
0.12  7.94777
0.13  7.94871
0.14  7.94866
0.15  7.94764
0.16  7.94563
0.17  7.94265
0.18  7.93868
0.19  7.93373
0.2  7.9278
0.21  7.92089
0.22  7.913
0.23  7.90413
0.24  7.89427
0.25  7.88344
0.26  7.87162
0.27  7.85883
0.28  7.84505
0.29  7.83029
0.3  7.81455
0.31  7.79783
0.32  7.78013
0.33  7.76145
0.34  7.74178
0.35  7.72114
0.36  7.69951
0.37  7.67691
0.38  7.65332
0.39  7.62875
0.4  7.6032
0.41  7.57667
0.42  7.54916
0.43  7.52067
0.44  7.49119
0.45  7.46074
0.46  7.4293
0.47  7.39689
0.48  7.36349
0.49  7.32911
0.5  7.29375
0.51  7.25741
0.52  7.22009
0.53  7.18179
0.54  7.1425
0.55  7.10224
0.56  7.06099
0.57  7.01877
0.58  6.97556
0.59  6.93137
0.6  6.8862
0.61  6.84005
0.62  6.79292
0.63  6.74481
0.64  6.69571
0.65  6.64564
0.66  6.59458
0.67  6.54255
0.68  6.48953
0.69  6.43553
0.7  6.38055
0.71  6.32459
0.72  6.26765
0.73  6.20973
0.74  6.15082
0.75  6.09094
0.76  6.03007
0.77  5.96823
0.78  5.9054
0.79  5.84159
0.8  5.7768
0.81  5.71103
0.82  5.64428
0.83  5.57655
0.84  5.50783
0.85  5.43814
0.86  5.36746
0.87  5.29581
0.88  5.22317
0.89  5.14955
0.9  5.07495
0.91  4.99937
0.92  4.92281
0.93  4.84527
0.94  4.76674
0.95  4.68724
0.96  4.60675
0.97  4.52529
0.98  4.44284
0.99  4.35941
1  4.275
1.01  4.18961
1.02  4.10324
1.03  4.01589
1.04  3.92755
1.05  3.83824
1.06  3.74794
1.07  3.65667
1.08  3.56441
1.09  3.47117
1.1  3.37695
1.11  3.28175
1.12  3.18557
1.13  3.08841
1.14  2.99026
1.15  2.89114
1.16  2.79103
1.17  2.68995
1.18  2.58788
1.19  2.48483
1.2  2.3808
1.21  2.27579
1.22  2.1698
1.23  2.06283
1.24  1.95487
1.25  1.84594
1.26  1.73602
1.27  1.62513
1.28  1.51325
1.29  1.40039
1.3  1.28655
1.31  1.17173
1.32  1.05593
1.33  0.939146
1.34  0.821382
1.35  0.702638
1.36  0.582912
1.37  0.462206
1.38  0.340518
1.39  0.21785
1.4  0.0942
1.41  -0.0304305
1.42  -0.156042
1.43  -0.282634
1.44  -0.410208
1.45  -0.538762
1.46  -0.668298
1.47  -0.798814
1.48  -0.930312
1.49  -1.06279
1.5  -1.19625
1.51  -1.33069
1.52  -1.46611
1.53  -1.60251
1.54  -1.7399
1.55  -1.87826
1.56  -2.01761
1.57  -2.15793
1.58  -2.29924
1.59  -2.44153
1.6  -2.5848
1.61  -2.72905
1.62  -2.87428
1.63  -3.02049
1.64  -3.16769
1.65  -3.31586
1.66  -3.46502
1.67  -3.61515
1.68  -3.76627
1.69  -3.91837
1.7  -4.07145
1.71  -4.22551
1.72  -4.38055
1.73  -4.53657
1.74  -4.69358
1.75  -4.85156
1.76  -5.01053
1.77  -5.17047
1.78  -5.3314
1.79  -5.49331
1.8  -5.6562
1.81  -5.82007
1.82  -5.98492
1.83  -6.15075
1.84  -6.31757
1.85  -6.48536
1.86  -6.65414
1.87  -6.82389
1.88  -6.99463
1.89  -7.16635
1.9  -7.33905
1.91  -7.51273
1.92  -7.68739
1.93  -7.86303
1.94  -8.03966
1.95  -8.21726
1.96  -8.39585
1.97  -8.57541
1.98  -8.75596
1.99  -8.93749
2  -9.12
2.01  -9.30349
2.02  -9.48796
2.03  -9.67341
2.04  -9.85985
2.05  -10.0473
2.06  -10.2357
2.07  -10.425
2.08  -10.6154
2.09  -10.8067
2.1  -10.9991
2.11  -11.1924
2.12  -11.3866
2.13  -11.5819
2.14  -11.7781
2.15  -11.9754
2.16  -12.1736
2.17  -12.3728
2.18  -12.5729
2.19  -12.7741
2.2  -12.9762
2.21  -13.1793
2.22  -13.3834
2.23  -13.5885
2.24  -13.7945
2.25  -14.0016
2.26  -14.2096
2.27  -14.4186
2.28  -14.6286
2.29  -14.8395
2.3  -15.0515
2.31  -15.2644
2.32  -15.4783
2.33  -15.6932
2.34  -15.909
2.35  -16.1259
2.36  -16.3437
2.37  -16.5625
2.38  -16.7823
2.39  -17.0031
2.4  -17.2248
2.41  -17.4475
2.42  -17.6712
2.43  -17.8959
2.44  -18.1216
2.45  -18.3483
2.46  -18.5759
2.47  -18.8045
2.48  -19.0341
2.49  -19.2647
2.5  -19.4962
2.51  -19.7288
2.52  -19.9623
2.53  -20.1968
2.54  -20.4323
2.55  -20.6688
2.56  -20.9062
2.57  -21.1446
2.58  -21.384
2.59  -21.6244
2.6  -21.8658
2.61  -22.1082
2.62  -22.3515
2.63  -22.5958
2.64  -22.8411
2.65  -23.0874
2.66  -23.3346
2.67  -23.5829
2.68  -23.8321
2.69  -24.0823
2.7  -24.3334
2.71  -24.5856
2.72  -24.8388
2.73  -25.0929
2.74  -25.348
2.75  -25.6041
2.76  -25.8611
2.77  -26.1192
2.78  -26.3782
2.79  -26.6382
2.8  -26.8992
2.81  -27.1612
2.82  -27.4241
2.83  -27.6881
2.84  -27.953
2.85  -28.2189
2.86  -28.4857
2.87  -28.7536
2.88  -29.0224
2.89  -29.2923
2.9  -29.563
2.91  -29.8348
2.92  -30.1076
2.93  -30.3813
2.94  -30.6561
2.95  -30.9318
2.96  -31.2084
2.97  -31.4861
2.98  -31.7648
2.99  -32.0444
3  -32.325
3.01  -32.6066
3.02  -32.8892
3.03  -33.1727
3.04  -33.4572
3.05  -33.7428
3.06  -34.0293
3.07  -34.3167
3.08  -34.6052
3.09  -34.8946
3.1  -35.185
3.11  -35.4765
3.12  -35.7688
3.13  -36.0622
3.14  -36.3565
3.15  -36.6519
3.16  -36.9482
3.17  -37.2455
3.18  -37.5437
3.19  -37.843
3.2  -38.1432
3.21  -38.4444
3.22  -38.7466
3.23  -39.0498
3.24  -39.3539
3.25  -39.6591
3.26  -39.9652
3.27  -40.2723
3.28  -40.5804
3.29  -40.8894
3.3  -41.1994
3.31  -41.5105
3.32  -41.8225
3.33  -42.1355
3.34  -42.4494
3.35  -42.7644
3.36  -43.0803
3.37  -43.3972
3.38  -43.7151
3.39  -44.034
3.4  -44.3538
3.41  -44.6746
3.42  -44.9964
3.43  -45.3192
3.44  -45.643
3.45  -45.9678
3.46  -46.2935
3.47  -46.6202
3.48  -46.9479
3.49  -47.2766
3.5  -47.6062
3.51  -47.9369
3.52  -48.2685
3.53  -48.6011
3.54  -48.9347
3.55  -49.2693
3.56  -49.6048
3.57  -49.9413
3.58  -50.2788
3.59  -50.6173
3.6  -50.9568
3.61  -51.2973
3.62  -51.6387
3.63  -51.9811
3.64  -52.3245
3.65  -52.6689
3.66  -53.0142
3.67  -53.3606
3.68  -53.7079
3.69  -54.0562
3.7  -54.4054
3.71  -54.7557
3.72  -55.107
3.73  -55.4592
3.74  -55.8124
3.75  -56.1666
3.76  -56.5217
3.77  -56.8779
3.78  -57.235
3.79  -57.5931
3.8  -57.9522
3.81  -58.3123
3.82  -58.6733
3.83  -59.0354
3.84  -59.3984
3.85  -59.7624
3.86  -60.1273
3.87  -60.4933
3.88  -60.8602
3.89  -61.2282
3.9  -61.597
3.91  -61.9669
3.92  -62.3378
3.93  -62.7096
3.94  -63.0825
3.95  -63.4563
3.96  -63.831
3.97  -64.2068
3.98  -64.5836
3.99  -64.9613
4  -65.34
4.01  -65.7197
4.02  -66.1004
4.03  -66.482
4.04  -66.8646
4.05  -67.2483
4.06  -67.6329
4.07  -68.0184
4.08  -68.405
4.09  -68.7925
4.1  -69.181
4.11  -69.5706
4.12  -69.961
4.13  -70.3525
4.14  -70.7449
4.15  -71.1384
4.16  -71.5328
4.17  -71.9282
4.18  -72.3245
4.19  -72.7219
4.2  -73.1202
4.21  -73.5195
4.22  -73.9198
4.23  -74.3211
4.24  -74.7233
4.25  -75.1266
4.26  -75.5308
4.27  -75.936
4.28  -76.3422
4.29  -76.7493
4.3  -77.1574
4.31  -77.5666
4.32  -77.9767
4.33  -78.3878
4.34  -78.7998
4.35  -79.2129
4.36  -79.6269
4.37  -80.0419
4.38  -80.4579
4.39  -80.8749
4.4  -81.2928
4.41  -81.7117
4.42  -82.1316
4.43  -82.5525
4.44  -82.9744
4.45  -83.3973
4.46  -83.8211
4.47  -84.2459
4.48  -84.6717
4.49  -85.0985
4.5  -85.5262
4.51  -85.955
4.52  -86.3847
4.53  -86.8154
4.54  -87.2471
4.55  -87.6798
4.56  -88.1134
4.57  -88.548
4.58  -88.9836
4.59  -89.4202
4.6  -89.8578
4.61  -90.2964
4.62  -90.7359
4.63  -91.1764
4.64  -91.6179
4.65  -92.0604
4.66  -92.5038
4.67  -92.9483
4.68  -93.3937
4.69  -93.8401
4.7  -94.2874
4.71  -94.7358
4.72  -95.1852
4.73  -95.6355
4.74  -96.0868
4.75  -96.5391
4.76  -96.9923
4.77  -97.4466
4.78  -97.9018
4.79  -98.358
4.8  -98.8152
4.81  -99.2734
4.82  -99.7325
4.83  -100.193
4.84  -100.654
4.85  -101.116
4.86  -101.579
4.87  -102.043
4.88  -102.508
4.89  -102.974
4.9  -103.441
4.91  -103.909
4.92  -104.378
4.93  -104.848
4.94  -105.319
4.95  -105.791
4.96  -106.264
4.97  -106.738
4.98  -107.212
4.99  -107.688
